52_1.txt;8710.2;2904.49;0.67;1.68;28593.0;0
52_2.txt;8929.6;2665.34;0.7;1.68;27264.0;0
52_3.txt;8842.8;2710.63;0.69;1.68;26465.0;0
52_4.txt;9305.6;2737.65;0.71;1.68;28149.0;0
52_5.txt;10006.0;2969.79;0.7;1.68;27089.0;0
52_6.txt;10177.5;2785.66;0.73;1.68;29227.0;0
52_7.txt;9878.0;2972.2;0.7;1.68;24761.0;0
52_8.txt;10207.5;2866.06;0.72;1.68;29661.0;0
52_9.txt;10627.2;3066.73;0.71;1.68;29624.0;0
52_10.txt;11138.8;2990.62;0.73;1.68;26219.0;0
52_11.txt;10377.2;3067.44;0.7;1.68;27846.0;0
52_12.txt;10872.2;2973.11;0.73;1.68;28043.0;0
52_13.txt;13426.0;4991.25;0.63;1.68;24989.0;0
52_14.txt;12556.2;4206.81;0.66;1.68;24221.0;0
52_15.txt;13092.6;4820.95;0.63;1.68;23170.0;0
52_16.txt;12309.4;4356.87;0.65;1.68;26661.0;0
52_17.txt;14518.5;5016.88;0.65;1.68;25058.0;0
52_18.txt;13637.5;4555.2;0.67;1.68;25822.0;0
52_19.txt;14046.0;5130.39;0.63;1.68;22566.0;0
52_20.txt;13832.5;4803.68;0.65;1.68;27055.0;0
52_21.txt;15158.8;5451.54;0.64;1.68;27795.0;0
52_22.txt;14471.8;4838.83;0.67;1.68;29917.0;0
52_23.txt;15020.8;5231.68;0.65;1.68;23896.0;0
52_24.txt;14410.6;4964.82;0.66;1.68;30428.0;0
52_25.txt;26363.8;13224.81;0.5;1.68;24561.0;0
52_26.txt;21717.0;10798.49;0.5;1.68;23204.0;0
52_27.txt;24453.6;12513.04;0.49;1.68;18903.0;0
52_28.txt;20385.4;10812.86;0.47;1.68;26350.0;0
52_29.txt;27038.5;13721.98;0.49;1.68;23114.0;0
52_30.txt;23040.0;11765.97;0.49;1.68;26864.0;0
52_31.txt;27191.0;14289.84;0.47;1.68;24480.0;0
52_32.txt;23824.5;11942.24;0.5;1.68;24680.0;0
52_33.txt;28174.2;14743.69;0.48;1.68;28278.0;0
52_34.txt;24755.8;13297.38;0.46;1.68;28616.0;0
52_35.txt;27241.2;15434.23;0.43;1.68;29929.0;0
52_36.txt;24440.4;13979.83;0.43;1.68;27645.0;0
52_37.txt;10800.0;3806.31;0.65;1.68;31882.0;0
52_38.txt;12147.0;4334.19;0.64;1.68;30772.0;0
52_39.txt;10866.8;3760.72;0.65;1.68;27923.0;0
52_40.txt;12000.0;4095.22;0.66;1.68;30061.0;0
52_41.txt;12456.5;4464.48;0.64;1.68;31848.0;0
52_42.txt;14109.0;5082.39;0.64;1.68;25238.0;0
52_43.txt;12638.5;4351.73;0.66;1.68;27902.0;0
52_44.txt;14055.5;5091.05;0.64;1.68;26364.0;0
52_45.txt;13643.8;4724.34;0.65;1.68;33078.0;0
52_46.txt;15286.6;5573.69;0.64;1.68;31339.0;0
52_47.txt;14016.2;4662.63;0.67;1.68;32448.0;0
52_48.txt;15317.0;5325.61;0.65;1.68;31210.0;0
52_49.txt;15842.4;5834.91;0.63;1.68;27307.0;0
52_50.txt;15810.6;5569.21;0.65;1.68;29163.0;0
52_51.txt;15378.4;5772.7;0.62;1.68;29768.0;0
52_52.txt;15567.6;5674.48;0.64;1.68;29476.0;0
52_53.txt;17153.5;6337.03;0.63;1.68;30931.0;0
52_54.txt;17697.5;6268.0;0.65;1.68;30752.0;0
52_55.txt;16959.0;6384.36;0.62;1.68;30175.0;0
52_56.txt;17737.0;5876.71;0.67;1.68;30911.0;0
52_57.txt;18652.4;6514.88;0.65;1.68;33747.0;0
52_58.txt;19321.0;6480.56;0.66;1.68;32873.0;0
52_59.txt;18232.2;6523.85;0.64;1.68;33397.0;0
52_60.txt;19649.0;6336.46;0.68;1.68;31243.0;0
52_61.txt;27987.8;14163.49;0.49;1.68;22915.0;0
52_62.txt;25580.0;12539.98;0.51;1.68;27522.0;0
52_63.txt;27210.8;13748.08;0.49;1.68;24233.0;0
52_64.txt;25196.8;12440.21;0.51;1.68;26937.0;0
52_65.txt;29715.0;14489.76;0.51;1.68;26115.0;0
52_66.txt;27864.0;13201.06;0.53;1.68;27182.0;0
52_67.txt;28679.0;15475.7;0.46;1.68;25785.0;0
52_68.txt;27651.5;14248.4;0.48;1.68;28901.0;0
52_69.txt;31251.0;16001.18;0.49;1.68;25158.0;0
52_70.txt;29359.6;14707.28;0.5;1.68;30480.0;0
52_71.txt;30222.6;16245.3;0.46;1.68;30398.0;0
52_72.txt;28973.6;14223.95;0.51;1.68;31332.0;0
52_73.txt;14443.4;8966.41;0.38;1.68;33021.0;0
52_74.txt;18385.2;10985.27;0.4;1.68;32350.0;0
52_75.txt;15020.0;9211.6;0.39;1.68;32074.0;0
52_76.txt;17857.8;11055.95;0.38;1.68;31973.0;0
52_77.txt;18733.5;10615.94;0.43;1.68;31895.0;0
52_78.txt;23086.0;12917.83;0.44;1.68;27466.0;0
52_79.txt;18729.5;10598.98;0.43;1.68;32360.0;0
52_80.txt;23350.5;13618.84;0.42;1.68;28459.0;0
52_81.txt;20999.8;11188.1;0.47;1.68;33386.0;0
52_82.txt;26746.4;13861.1;0.48;1.68;28624.0;0
52_83.txt;21399.4;11111.88;0.48;1.68;33817.0;0
52_84.txt;26506.6;14471.37;0.45;1.68;29096.0;0
52_85.txt;19855.0;10553.09;0.47;1.68;31661.0;0
52_86.txt;22868.6;12093.87;0.47;1.68;31493.0;0
52_87.txt;20113.6;9885.55;0.51;1.68;34825.0;0
52_88.txt;22608.2;12210.69;0.46;1.68;34145.0;0
52_89.txt;23134.5;12026.11;0.48;1.68;32282.0;0
52_90.txt;27078.5;14128.59;0.48;1.68;30562.0;0
52_91.txt;23341.0;11874.05;0.49;1.68;33555.0;0
52_92.txt;27220.0;13457.86;0.51;1.68;32434.0;0
52_93.txt;26062.2;13524.96;0.48;1.68;32708.0;0
52_94.txt;30762.2;15482.45;0.5;1.68;30065.0;0
52_95.txt;27101.8;13142.8;0.52;1.68;32347.0;0
52_96.txt;30033.2;15744.81;0.48;1.68;32650.0;0
52_97.txt;33357.4;17831.53;0.47;1.68;29676.0;0
52_98.txt;34024.0;17626.93;0.48;1.68;31806.0;0
52_99.txt;33657.0;18660.23;0.45;1.68;28195.0;0
52_100.txt;33289.4;18663.36;0.44;1.68;28237.0;0
52_101.txt;36588.5;19658.16;0.46;1.68;33362.0;0
52_102.txt;38069.0;18915.73;0.5;1.68;31405.0;0
52_103.txt;37277.5;19673.17;0.47;1.68;31169.0;0
52_104.txt;37391.5;19482.38;0.48;1.68;32104.0;0
52_105.txt;39624.0;20100.23;0.49;1.68;32948.0;0
52_106.txt;41639.0;19966.41;0.52;1.68;34785.0;0
52_107.txt;39032.0;20923.13;0.46;1.68;34657.0;0
52_108.txt;41581.6;19460.79;0.53;1.68;34123.0;0
