52_1.txt;12770.8;-inf;inf;0.0;0.0;0
52_2.txt;12827.8;-inf;inf;0.0;0.0;0
52_3.txt;13398.0;-inf;inf;0.0;0.0;0
52_4.txt;13413.4;-inf;inf;0.0;0.0;0
52_5.txt;13936.5;-inf;inf;0.0;0.0;0
52_6.txt;15513.0;-inf;inf;0.0;0.0;0
52_7.txt;14379.5;-inf;inf;0.0;0.0;0
52_8.txt;15175.5;-inf;inf;0.0;0.0;0
52_9.txt;15432.8;-inf;inf;0.0;0.0;0
52_10.txt;17183.2;-inf;inf;0.0;0.0;0
52_11.txt;16616.0;-inf;inf;0.0;0.0;0
52_12.txt;16412.8;-inf;inf;0.0;0.0;0
52_13.txt;27121.0;-inf;inf;0.0;0.0;0
52_14.txt;22392.6;-inf;inf;0.0;0.0;0
52_15.txt;26814.8;-inf;inf;0.0;0.0;0
52_16.txt;22833.2;-inf;inf;0.0;0.0;0
52_17.txt;27831.5;-inf;inf;0.0;0.0;0
52_18.txt;23954.5;-inf;inf;0.0;0.0;0
52_19.txt;28477.0;-inf;inf;0.0;0.0;0
52_20.txt;24170.0;-inf;inf;0.0;0.0;0
52_21.txt;29276.0;-inf;inf;0.0;0.0;0
52_22.txt;24865.6;-inf;inf;0.0;0.0;0
52_23.txt;29559.4;-inf;inf;0.0;0.0;0
52_24.txt;27899.2;-inf;inf;0.0;0.0;0
52_25.txt;90899.8;-inf;inf;0.0;0.0;0
52_26.txt;70697.0;-inf;inf;0.0;0.0;0
52_27.txt;87234.6;-inf;inf;0.0;0.0;0
52_28.txt;69035.2;-inf;inf;0.0;0.0;0
52_29.txt;91919.5;-inf;inf;0.0;0.0;0
52_30.txt;71556.0;-inf;inf;0.0;0.0;0
52_31.txt;91817.0;-inf;inf;0.0;0.0;0
52_32.txt;71046.0;-inf;inf;0.0;0.0;0
52_33.txt;95331.2;-inf;inf;0.0;0.0;0
52_34.txt;70328.0;-inf;inf;0.0;0.0;0
52_35.txt;92964.0;-inf;inf;0.0;0.0;0
52_36.txt;72782.4;-inf;inf;0.0;0.0;0
52_37.txt;20698.8;-inf;inf;0.0;0.0;0
52_38.txt;20420.6;-inf;inf;0.0;0.0;0
52_39.txt;20990.6;-inf;inf;0.0;0.0;0
52_40.txt;20945.6;-inf;inf;0.0;0.0;0
52_41.txt;21114.0;-inf;inf;0.0;0.0;0
52_42.txt;24287.5;-inf;inf;0.0;0.0;0
52_43.txt;20458.5;-inf;inf;0.0;0.0;0
52_44.txt;22439.0;-inf;inf;0.0;0.0;0
52_45.txt;21563.2;-inf;inf;0.0;0.0;0
52_46.txt;25384.8;-inf;inf;0.0;0.0;0
52_47.txt;23000.0;-inf;inf;0.0;0.0;0
52_48.txt;24886.4;-inf;inf;0.0;0.0;0
52_49.txt;32185.2;-inf;inf;0.0;0.0;0
52_50.txt;29632.4;-inf;inf;0.0;0.0;0
52_51.txt;32342.4;-inf;inf;0.0;0.0;0
52_52.txt;30255.2;-inf;inf;0.0;0.0;0
52_53.txt;33452.5;-inf;inf;0.0;0.0;0
52_54.txt;30819.5;-inf;inf;0.0;0.0;0
52_55.txt;34314.0;-inf;inf;0.0;0.0;0
52_56.txt;32560.5;-inf;inf;0.0;0.0;0
52_57.txt;33396.0;-inf;inf;0.0;0.0;0
52_58.txt;34917.6;-inf;inf;0.0;0.0;0
52_59.txt;34974.4;-inf;inf;0.0;0.0;0
52_60.txt;32927.2;-inf;inf;0.0;0.0;0
52_61.txt;95016.2;-inf;inf;0.0;0.0;0
52_62.txt;82519.0;-inf;inf;0.0;0.0;0
52_63.txt;95121.8;-inf;inf;0.0;0.0;0
52_64.txt;76968.6;-inf;inf;0.0;0.0;0
52_65.txt;94436.5;-inf;inf;0.0;0.0;0
52_66.txt;78219.5;-inf;inf;0.0;0.0;0
52_67.txt;96172.0;-inf;inf;0.0;0.0;0
52_68.txt;83276.0;-inf;inf;0.0;0.0;0
52_69.txt;97995.2;-inf;inf;0.0;0.0;0
52_70.txt;80544.0;-inf;inf;0.0;0.0;0
52_71.txt;95482.4;-inf;inf;0.0;0.0;0
52_72.txt;80340.8;-inf;inf;0.0;0.0;0
52_73.txt;53442.8;-inf;inf;0.0;0.0;0
52_74.txt;61258.2;-inf;inf;0.0;0.0;0
52_75.txt;55140.8;-inf;inf;0.0;0.0;0
52_76.txt;61087.8;-inf;inf;0.0;0.0;0
52_77.txt;52169.5;-inf;inf;0.0;0.0;0
52_78.txt;63800.5;-inf;inf;0.0;0.0;0
52_79.txt;52264.5;-inf;inf;0.0;0.0;0
52_80.txt;62890.0;-inf;inf;0.0;0.0;0
52_81.txt;54639.2;-inf;inf;0.0;0.0;0
52_82.txt;66125.6;-inf;inf;0.0;0.0;0
52_83.txt;54594.4;-inf;inf;0.0;0.0;0
52_84.txt;62833.6;-inf;inf;0.0;0.0;0
52_85.txt;64037.2;-inf;inf;0.0;0.0;0
52_86.txt;70706.0;-inf;inf;0.0;0.0;0
52_87.txt;64782.8;-inf;inf;0.0;0.0;0
52_88.txt;70514.2;-inf;inf;0.0;0.0;0
52_89.txt;62526.5;-inf;inf;0.0;0.0;0
52_90.txt;74100.0;-inf;inf;0.0;0.0;0
52_91.txt;70745.0;-inf;inf;0.0;0.0;0
52_92.txt;71413.5;-inf;inf;0.0;0.0;0
52_93.txt;67470.4;-inf;inf;0.0;0.0;0
52_94.txt;73009.6;-inf;inf;0.0;0.0;0
52_95.txt;68205.0;-inf;inf;0.0;0.0;0
52_96.txt;75558.4;-inf;inf;0.0;0.0;0
52_97.txt;124622.0;-inf;inf;0.0;0.0;0
52_98.txt;117372.2;-inf;inf;0.0;0.0;0
52_99.txt;126929.0;-inf;inf;0.0;0.0;0
52_100.txt;115421.4;-inf;inf;0.0;0.0;0
52_101.txt;127910.0;-inf;inf;0.0;0.0;0
52_102.txt;117109.5;-inf;inf;0.0;0.0;0
52_103.txt;130304.5;-inf;inf;0.0;0.0;0
52_104.txt;119959.5;-inf;inf;0.0;0.0;0
52_105.txt;129011.2;-inf;inf;0.0;0.0;0
52_106.txt;118980.0;-inf;inf;0.0;0.0;0
52_107.txt;128970.4;-inf;inf;0.0;0.0;0
52_108.txt;119152.0;-inf;inf;0.0;0.0;0
