52_1.txt;8698.8;8698.8;0.0;12.16;20827.0;1
52_2.txt;8781.8;8781.8;0.0;36.7;92569.0;1
52_3.txt;8541.6;8541.6;0.0;4.37;8093.0;1
52_4.txt;8943.8;8943.8;0.0;37.85;95366.0;1
52_5.txt;9717.0;9717.0;0.0;206.09;392059.0;1
52_6.txt;9962.5;9962.5;0.0;400.25;784353.0;1
52_7.txt;9598.0;9598.0;0.0;20.4;40465.0;1
52_8.txt;9803.5;9803.5;0.0;63.0;133693.0;1
52_9.txt;10266.2;10266.2;0.0;13.89;23865.0;1
52_10.txt;10812.8;10741.4;0.01;3600.0;5737742.0;0
52_11.txt;10290.8;10290.8;0.0;36.59;78314.0;1
52_12.txt;10745.6;10745.6;0.0;612.01;1091819.0;1
52_13.txt;13194.8;13194.8;0.0;77.62;131484.0;1
52_14.txt;12131.4;12131.4;0.0;38.18;69997.0;1
52_15.txt;13018.4;13018.4;0.0;23.42;37806.0;1
52_16.txt;11848.6;11848.6;0.0;15.09;26218.0;1
52_17.txt;14236.5;14236.5;0.0;258.15;517005.0;1
52_18.txt;13151.0;13151.0;0.0;366.59;623797.0;1
52_19.txt;13902.0;13902.0;0.0;83.93;125456.0;1
52_20.txt;13495.5;13495.5;0.0;218.23;439845.0;1
52_21.txt;14842.4;14842.4;0.0;86.92;139747.0;1
52_22.txt;14122.2;14122.2;0.0;171.31;287498.0;1
52_23.txt;14561.2;14561.2;0.0;292.25;475141.0;1
52_24.txt;13866.0;13866.0;0.0;295.71;498237.0;1
52_25.txt;25657.2;25657.2;0.0;9.65;9680.0;1
52_26.txt;21247.4;21247.4;0.0;8.06;8846.0;1
52_27.txt;24364.4;24364.4;0.0;4.86;3320.0;1
52_28.txt;20329.0;20329.0;0.0;6.61;7732.0;1
52_29.txt;26561.0;26561.0;0.0;16.82;22445.0;1
52_30.txt;22332.5;22332.5;0.0;33.99;53141.0;1
52_31.txt;26625.5;26625.5;0.0;12.1;13815.0;1
52_32.txt;23229.5;23229.5;0.0;11.21;12908.0;1
52_33.txt;27872.6;27872.6;0.0;30.98;42471.0;1
52_34.txt;24116.8;24116.8;0.0;25.03;24714.0;1
52_35.txt;26762.4;26762.4;0.0;16.91;21885.0;1
52_36.txt;24065.2;24065.2;0.0;55.34;80889.0;1
52_37.txt;10622.2;10622.2;0.0;0.99;1900.0;1
52_38.txt;12011.0;12011.0;0.0;5.79;11684.0;1
52_39.txt;10652.2;10652.2;0.0;1.93;3051.0;1
52_40.txt;11741.6;11741.6;0.0;3.95;8085.0;1
52_41.txt;12249.5;12249.5;0.0;3.81;7487.0;1
52_42.txt;13845.0;13845.0;0.0;30.04;60269.0;1
52_43.txt;12309.0;12309.0;0.0;1.35;1794.0;1
52_44.txt;13627.0;13627.0;0.0;13.62;23524.0;1
52_45.txt;13348.0;13348.0;0.0;6.24;10978.0;1
52_46.txt;15030.8;15030.8;0.0;12.16;18854.0;1
52_47.txt;13635.6;13635.6;0.0;3.13;5132.0;1
52_48.txt;15051.8;15051.8;0.0;46.06;101969.0;1
52_49.txt;15612.8;15612.8;0.0;10.49;14864.0;1
52_50.txt;15277.6;15277.6;0.0;5.25;7392.0;1
52_51.txt;14997.8;14997.8;0.0;3.39;4378.0;1
52_52.txt;15176.6;15176.6;0.0;15.83;25394.0;1
52_53.txt;16782.0;16782.0;0.0;25.83;39688.0;1
52_54.txt;17102.5;17102.5;0.0;176.5;370028.0;1
52_55.txt;16557.0;16557.0;0.0;18.78;27682.0;1
52_56.txt;17218.0;17218.0;0.0;62.67;103784.0;1
52_57.txt;18023.8;18023.8;0.0;39.67;66930.0;1
52_58.txt;18780.2;18780.2;0.0;1017.28;1859112.0;1
52_59.txt;17742.8;17742.8;0.0;5.44;5109.0;1
52_60.txt;18646.6;18646.6;0.0;102.09;190007.0;1
52_61.txt;27623.8;27623.8;0.0;8.47;6466.0;1
52_62.txt;24892.6;24892.6;0.0;17.71;21838.0;1
52_63.txt;26587.4;26587.4;0.0;4.23;1520.0;1
52_64.txt;24252.4;24252.4;0.0;7.93;6244.0;1
52_65.txt;29328.5;29328.5;0.0;16.31;17605.0;1
52_66.txt;26961.5;26961.5;0.0;73.33;94320.0;1
52_67.txt;28484.0;28484.0;0.0;5.06;4439.0;1
52_68.txt;27019.0;27019.0;0.0;40.96;59670.0;1
52_69.txt;30515.4;30515.4;0.0;15.49;14645.0;1
52_70.txt;28758.4;28758.4;0.0;167.81;203017.0;1
52_71.txt;29864.6;29864.6;0.0;12.0;13106.0;1
52_72.txt;28195.2;28195.2;0.0;54.65;74363.0;1
52_73.txt;14443.4;14443.4;0.0;0.17;84.0;1
52_74.txt;18364.0;18364.0;0.0;1.32;1285.0;1
52_75.txt;14954.0;14954.0;0.0;0.27;416.0;1
52_76.txt;17857.8;17857.8;0.0;0.8;860.0;1
52_77.txt;18546.0;18546.0;0.0;0.78;1281.0;1
52_78.txt;23069.5;23069.5;0.0;4.82;6945.0;1
52_79.txt;18657.5;18657.5;0.0;0.68;1288.0;1
52_80.txt;23329.0;23329.0;0.0;1.85;1605.0;1
52_81.txt;20999.8;20999.8;0.0;1.13;1158.0;1
52_82.txt;26519.6;26519.6;0.0;2.61;4032.0;1
52_83.txt;21114.4;21114.4;0.0;1.09;1036.0;1
52_84.txt;26162.8;26162.8;0.0;1.58;1561.0;1
52_85.txt;19646.0;19646.0;0.0;1.12;967.0;1
52_86.txt;22567.6;22567.6;0.0;1.77;1297.0;1
52_87.txt;19880.4;19880.4;0.0;1.16;1050.0;1
52_88.txt;22483.8;22483.8;0.0;1.61;944.0;1
52_89.txt;23013.5;23013.5;0.0;1.31;1119.0;1
52_90.txt;27076.0;27076.0;0.0;3.05;2839.0;1
52_91.txt;22706.5;22706.5;0.0;0.99;1307.0;1
52_92.txt;26754.0;26754.0;0.0;3.98;4787.0;1
52_93.txt;25890.8;25890.8;0.0;1.15;902.0;1
52_94.txt;30229.2;30229.2;0.0;5.65;7382.0;1
52_95.txt;26188.8;26188.8;0.0;1.6;1371.0;1
52_96.txt;29504.4;29504.4;0.0;2.96;3149.0;1
52_97.txt;32952.4;32952.4;0.0;2.21;1051.0;1
52_98.txt;33332.2;33332.2;0.0;3.01;1831.0;1
52_99.txt;33072.4;33072.4;0.0;2.17;1126.0;1
52_100.txt;33115.0;33115.0;0.0;2.54;1548.0;1
52_101.txt;36286.0;36286.0;0.0;3.62;2373.0;1
52_102.txt;37205.5;37205.5;0.0;6.39;5768.0;1
52_103.txt;36173.5;36173.5;0.0;2.87;1095.0;1
52_104.txt;36817.0;36817.0;0.0;5.75;5292.0;1
52_105.txt;38622.8;38622.8;0.0;4.77;3592.0;1
52_106.txt;40310.4;40310.4;0.0;10.7;8824.0;1
52_107.txt;38611.2;38611.2;0.0;5.11;4076.0;1
52_108.txt;39826.2;39826.2;0.0;3.24;2114.0;1
