c52_1.txt;12770.8;-inf;inf;0.0;0.0;0
c52_2.txt;12827.8;-inf;inf;0.0;0.0;0
c52_3.txt;13398.0;-inf;inf;0.0;0.0;0
c52_4.txt;14070.0;-inf;inf;0.0;0.0;0
c52_5.txt;13936.5;-inf;inf;0.0;0.0;0
c52_6.txt;15513.0;-inf;inf;0.0;0.0;0
c52_7.txt;14379.5;-inf;inf;0.0;0.0;0
c52_8.txt;15175.5;-inf;inf;0.0;0.0;0
c52_9.txt;15432.8;-inf;inf;0.0;0.0;0
c52_10.txt;17183.2;-inf;inf;0.0;0.0;0
c52_11.txt;16616.0;-inf;inf;0.0;0.0;0
c52_12.txt;16412.8;-inf;inf;0.0;0.0;0
c52_13.txt;27121.0;-inf;inf;0.0;0.0;0
c52_14.txt;22392.6;-inf;inf;0.0;0.0;0
c52_15.txt;26663.6;-inf;inf;0.0;0.0;0
c52_16.txt;23064.0;-inf;inf;0.0;0.0;0
c52_17.txt;27831.5;-inf;inf;0.0;0.0;0
c52_18.txt;23954.5;-inf;inf;0.0;0.0;0
c52_19.txt;28477.0;-inf;inf;0.0;0.0;0
c52_20.txt;26126.0;-inf;inf;0.0;0.0;0
c52_21.txt;29276.0;-inf;inf;0.0;0.0;0
c52_22.txt;24865.6;-inf;inf;0.0;0.0;0
c52_23.txt;26995.0;-inf;inf;0.0;0.0;0
c52_24.txt;28591.8;-inf;inf;0.0;0.0;0
c52_25.txt;90899.8;-inf;inf;0.0;0.0;0
c52_26.txt;70697.0;-inf;inf;0.0;0.0;0
c52_27.txt;87234.6;-inf;inf;0.0;0.0;0
c52_28.txt;65796.2;-inf;inf;0.0;0.0;0
c52_29.txt;91919.5;-inf;inf;0.0;0.0;0
c52_30.txt;71556.0;-inf;inf;0.0;0.0;0
c52_31.txt;92936.5;-inf;inf;0.0;0.0;0
c52_32.txt;71046.0;-inf;inf;0.0;0.0;0
c52_33.txt;95331.2;-inf;inf;0.0;0.0;0
c52_34.txt;70328.0;-inf;inf;0.0;0.0;0
c52_35.txt;89682.0;-inf;inf;0.0;0.0;0
c52_36.txt;72782.4;-inf;inf;0.0;0.0;0
c52_37.txt;20826.8;-inf;inf;0.0;0.0;0
c52_38.txt;20420.6;-inf;inf;0.0;0.0;0
c52_39.txt;19578.8;-inf;inf;0.0;0.0;0
c52_40.txt;20945.6;-inf;inf;0.0;0.0;0
c52_41.txt;21114.0;-inf;inf;0.0;0.0;0
c52_42.txt;24287.5;-inf;inf;0.0;0.0;0
c52_43.txt;21623.0;-inf;inf;0.0;0.0;0
c52_44.txt;23064.0;-inf;inf;0.0;0.0;0
c52_45.txt;21563.2;-inf;inf;0.0;0.0;0
c52_46.txt;25384.8;-inf;inf;0.0;0.0;0
c52_47.txt;23000.0;-inf;inf;0.0;0.0;0
c52_48.txt;25631.2;-inf;inf;0.0;0.0;0
c52_49.txt;32185.2;-inf;inf;0.0;0.0;0
c52_50.txt;29632.4;-inf;inf;0.0;0.0;0
c52_51.txt;35012.6;-inf;inf;0.0;0.0;0
c52_52.txt;29698.8;-inf;inf;0.0;0.0;0
c52_53.txt;33452.5;-inf;inf;0.0;0.0;0
c52_54.txt;30819.5;-inf;inf;0.0;0.0;0
c52_55.txt;34314.0;-inf;inf;0.0;0.0;0
c52_56.txt;32560.5;-inf;inf;0.0;0.0;0
c52_57.txt;33396.0;-inf;inf;0.0;0.0;0
c52_58.txt;34917.6;-inf;inf;0.0;0.0;0
c52_59.txt;34871.6;-inf;inf;0.0;0.0;0
c52_60.txt;33708.6;-inf;inf;0.0;0.0;0
c52_61.txt;95016.2;-inf;inf;0.0;0.0;0
c52_62.txt;82519.0;-inf;inf;0.0;0.0;0
c52_63.txt;95121.8;-inf;inf;0.0;0.0;0
c52_64.txt;78944.2;-inf;inf;0.0;0.0;0
c52_65.txt;94436.5;-inf;inf;0.0;0.0;0
c52_66.txt;78219.5;-inf;inf;0.0;0.0;0
c52_67.txt;94831.5;-inf;inf;0.0;0.0;0
c52_68.txt;83276.0;-inf;inf;0.0;0.0;0
c52_69.txt;97995.2;-inf;inf;0.0;0.0;0
c52_70.txt;80544.0;-inf;inf;0.0;0.0;0
c52_71.txt;99396.0;-inf;inf;0.0;0.0;0
c52_72.txt;76450.4;-inf;inf;0.0;0.0;0
c52_73.txt;53442.8;-inf;inf;0.0;0.0;0
c52_74.txt;61258.2;-inf;inf;0.0;0.0;0
c52_75.txt;53505.4;-inf;inf;0.0;0.0;0
c52_76.txt;59829.8;-inf;inf;0.0;0.0;0
c52_77.txt;52169.5;-inf;inf;0.0;0.0;0
c52_78.txt;63800.5;-inf;inf;0.0;0.0;0
c52_79.txt;52264.5;-inf;inf;0.0;0.0;0
c52_80.txt;70145.0;-inf;inf;0.0;0.0;0
c52_81.txt;54639.2;-inf;inf;0.0;0.0;0
c52_82.txt;66125.6;-inf;inf;0.0;0.0;0
c52_83.txt;56836.0;-inf;inf;0.0;0.0;0
c52_84.txt;63770.4;-inf;inf;0.0;0.0;0
c52_85.txt;64037.2;-inf;inf;0.0;0.0;0
c52_86.txt;70706.0;-inf;inf;0.0;0.0;0
c52_87.txt;64782.8;-inf;inf;0.0;0.0;0
c52_88.txt;69292.0;-inf;inf;0.0;0.0;0
c52_89.txt;62526.5;-inf;inf;0.0;0.0;0
c52_90.txt;74100.0;-inf;inf;0.0;0.0;0
c52_91.txt;70671.5;-inf;inf;0.0;0.0;0
c52_92.txt;71413.5;-inf;inf;0.0;0.0;0
c52_93.txt;67470.4;-inf;inf;0.0;0.0;0
c52_94.txt;73009.6;-inf;inf;0.0;0.0;0
c52_95.txt;65461.6;-inf;inf;0.0;0.0;0
c52_96.txt;75753.0;-inf;inf;0.0;0.0;0
c52_97.txt;124622.0;-inf;inf;0.0;0.0;0
c52_98.txt;117372.2;-inf;inf;0.0;0.0;0
c52_99.txt;125329.8;-inf;inf;0.0;0.0;0
c52_100.txt;115421.4;-inf;inf;0.0;0.0;0
c52_101.txt;127910.0;-inf;inf;0.0;0.0;0
c52_102.txt;117109.5;-inf;inf;0.0;0.0;0
c52_103.txt;128962.5;-inf;inf;0.0;0.0;0
c52_104.txt;118984.5;-inf;inf;0.0;0.0;0
c52_105.txt;129011.2;-inf;inf;0.0;0.0;0
c52_106.txt;118980.0;-inf;inf;0.0;0.0;0
c52_107.txt;128970.4;-inf;inf;0.0;0.0;0
c52_108.txt;119152.0;-inf;inf;0.0;0.0;0
